0.10756 -1.55215 3.83
0.39471 -1.67312 3.89
0.85086 -2.81894 3.76
-0.81622 -1.67401 4.00
-0.41594 -1.19649 3.87
-1.23367 -2.55378 3.95
1.17165 -2.30375 3.96
-0.29846 -1.11527 3.62
-1.04642 -1.56614 3.32
-1.26895 -1.90571 1.68
0.76767 -1.19337 1.92
-0.45303 -1.01946 2.69
0.34656 -0.95373 2.89
-0.42635 -0.94532 3.05
-0.76661 -1.02754 3.64
-1.52028 -1.91162 4.00
-1.41897 -1.54941 3.01
-1.17616 -1.18572 2.76
0.18866 -0.70494 3.19
1.21001 -1.24967 3.62
-0.62678 -0.71867 1.73
0.63410 -0.74210 2.85
-0.93122 -0.87897 3.13
0.74779 -0.81327 3.85
-1.57420 -1.47980 3.69
-1.35658 -1.13356 3.32
-1.46072 -1.21364 3.40
0.19546 -0.47594 -0.01
-0.03894 -0.44004 0.61
0.19548 -0.47596 1.33
-0.71484 -0.59240 3.59
1.30207 -0.99606 3.62
