0.48376818000000005 0.04238081999999997 -7.4658
0.4709196900000001 -0.77704353 -6.486
0.38293479000000014 -0.16019531999999995 -6.458
0.28191753 -0.6411263400000001 -6.0904
0.1509375599999999 -0.7599960000000001 -5.6076
-0.27676026000000004 -0.68592366 -5.2932
1.33068447 0.3687692400000002 -5.1705
-0.80467857 0.21793967999999994 -5.0321
1.0298013300000002 -0.1353909600000001 -4.7021
0.0015986699999998907 -0.23578802999999995 -4.702
-0.4126968900000001 0.3883164299999999 -4.5652
-0.17174538 -0.97596576 -4.5155
-0.27418959 -0.04198958999999995 -4.4086
1.21805586 -1.35957015 -4.3136
0.7998906600000001 -0.7075255500000002 -4.0838
-0.13945824000000007 0.33448598999999996 -4.0837
-0.19496835000000007 0.9567946800000002 -3.9495
0.24683238 -0.8712289800000002 -3.7284
-0.22801013999999997 -1.3040090100000001 -3.6572
0.6694137000000001 -0.93354849 -3.6561
-0.898425 -0.26639982000000006 -3.4507
1.10092473 1.02465 -3.4507
-1.3681961100000002 -0.95474403 -3.4053
-1.22621094 -1.3323482100000001 -3.4039
-0.27699542999999993 0.5711728499999998 -3.3561
1.36901259 -1.3813542900000002 -3.2931
-0.048600000000000004 -0.9813001499999999 -3.1383
0.6939000000000001 -0.028012500000000003 -3.0104
-1.18818009 -1.1822409 -2.9407
0.8643601800000001 0.37314000000000014 -2.9402
-1.1529010800000001 -1.2145847399999998 -2.7852
0.93399237 -0.5940000000000001 -2.7849
0.9330749100000001 1.00237473 -2.6982
0.97424991 0.045225 -2.698
1.2312 0.189675 -2.6979
0.2715746400000001 -1.35270027 -2.6976
1.0680735600000002 -1.3234498200000002 -2.6961
1.11608226 1.1703257999999999 -2.6056
-0.3249817200000001 0.6023454299999998 -2.6036
-1.02772179 -1.32744123 -2.6035
