1941.6967 604.5889 -17.4031
2189.5938 924.6875 -16.5402
373.9201 879.1801 -15.6657
160.767 1337.4337 -15.526
2315.7427 1396.7078 -15.5001
2116.6904 580.2325 -15.0139
170.688 404.165 -15.0019
1194.9434 403.8178 -14.9876
946.8425 236.4633 -14.6838
29.2264 912.6095 -14.5807
791.8968 702.7479 -14.2812
1865.9122 750.4577 -14.2127
1230.1456 279.1342 -14.1718
611.5416 427.4879 -14.0508
167.3416 1076.5746 -14.0051
1094.8263 1162.9092 -13.9836
1438.3434 198.9781 -13.8706
2554.3586 102.034 -13.8705
1223.6864 1195.566 -13.7551
1428.9067 1146.7621 -13.7249
1209.8086 1012.7728 -13.6844
901.6315 1928.8304 -13.454
2642.47 58.3862 -13.3331
2229.0642 659.2709 -13.1687
2308.9033 740.8145 -13.1499
16.3794 575.4105 -13.1399
81.3322 1148.7648 -13.1221
143.0764 1268.1704 -13.1126
2185.8269 943.7461 -13.0821
2232.7009 866.1647 -13.0618
1096.4099 1539.0601 -13.0534
506.4707 1343.5088 -13.0153
2038.697 504.4538 -12.902
2328.582 1671.4661 -12.8946
845.0705 111.4446 -12.8618
526.6379 716.8026 -12.8317
2501.5742 661.1074 -12.8309
2786.9626 967.7503 -12.8149
790.6776 697.3354 -12.8146
2636.8894 229.1418 -12.7717
