-0.27051 -0.92845 3.60
-0.23668 -0.88809 3.74
0.21564 -0.73122 3.47
-1.91236 -0.42055 3.62
0.46119 -0.54917 3.65
0.67206 -0.48887 0.85
0.49503 -0.44180 3.76
0.05632 -0.10549 3.63
0.00435 -0.10253 3.70
-0.65177 0.10019 3.63
-1.36129 0.35471 3.41
0.10891 0.31207 2.85
-0.00223 0.33257 3.83
0.82871 0.45264 2.69
-1.08348 0.61055 3.00
-1.87100 0.90088 2.06
-0.41916 0.71360 3.39
-0.37856 0.82988 2.12
0.13972 0.75869 2.89
-1.06508 1.05478 2.26
0.79425 1.07330 2.99
-0.34924 1.05554 3.80
0.92863 1.24851 0.08
-0.01526 1.21241 3.01
-1.26180 1.55488 3.57
-0.18895 1.34878 1.79
-1.14792 2.44130 2.68
